function mpc = case5
%CASE5  Power flow data for modified 5 bus, 5 gen case based on PJM 5-bus system
%   Please see CASEFORMAT for details on the case file format.
%
%   Based on data from ...
%     F.Li and R.Bo, "Small Test Systems for Power System Economic Studies",
%     Proceedings of the 2010 IEEE Power & Energy Society General Meeting

%   Created by Rui Bo in 2006, modified in 2010, 2014.
%   Distributed with permission.

%   MATPOWER

%% MATPOWER Case Format : Version 2
mpc.version = '2';

%%-----  Power Flow Data  -----%%
%% system MVA base
mpc.baseMVA = 100;

%% bus data																					
%	bus_i	type	Pd	Qd	Gs	Bs	area	Vm	Va	baseKV	zone	Vmax	Vmin								
mpc.bus = [																					
	4	2	59.9	19.7	0	0	1	1	0	230	1	1.1	0.9;
	6	2	1797.6	590.8	0	0	1	1	0	230	1	1.1	0.9;
	13	2	132.6	43.6	0	0	1	1	0	230	1	1.1	0.9;
	17	2	47.8	15.7	0	0	1	1	0	230	1	1.1	0.9;
	18	2	54.9	18.0	0	0	1	1	0	230	1	1.1	0.9;
	19	2	120.0	39.4	0	0	1	1	0	230	1	1.1	0.9;
	20	2	379.0	124.6	0	0	1	1	0	230	1	1.1	0.9;
	21	2	102.7	33.8	0	0	1	1	0	230	1	1.1	0.9;
	22	2	66.7	21.9	0	0	1	1	0	230	1	1.1	0.9;
	23	2	36.4	12.0	0	0	1	1	0	230	1	1.1	0.9;
	24	2	98.7	32.4	0	0	1	1	0	230	1	1.1	0.9;
	25	3	892.9	293.5	0	0	1	1	0	230	1	1.1	0.9;
	26	2	287.3	94.4	0	0	1	1	0	230	1	1.1	0.9;
	27	2	137.2	45.1	0	0	1	1	0	230	1	1.1	0.9;
	28	2	238.6	78.4	0	0	1	1	0	230	1	1.1	0.9;
	29	2	134.1	44.1	0	0	1	1	0	230	1	1.1	0.9;
	30	2	161.3	53.0	0	0	1	1	0	230	1	1.1	0.9;
	31	2	152.9	50.3	0	0	1	1	0	230	1	1.1	0.9;
	32	2	145.1	47.7	0	0	1	1	0	230	1	1.1	0.9;
	33	2	571.3	187.8	0	0	1	1	0	230	1	1.1	0.9;
	34	2	7.8	2.6	0	0	1	1	0	230	1	1.1	0.9;
	35	2	434.2	142.7	0	0	1	1	0	230	1	1.1	0.9;
	36	2	22.4	7.4	0	0	1	1	0	230	1	1.1	0.9;
	37	2	113.0	37.1	0	0	1	1	0	230	1	1.1	0.9;
	38	2	93.6	30.8	0	0	1	1	0	230	1	1.1	0.9;
	39	2	96.2	31.6	0	0	1	1	0	230	1	1.1	0.9;
	40	2	173.2	56.9	0	0	1	1	0	230	1	1.1	0.9;
	42	2	225.0	74.0	0	0	1	1	0	230	1	1.1	0.9;
	43	2	36.5	12.0	0	0	1	1	0	230	1	1.1	0.9;
	44	2	207.6	68.2	0	0	1	1	0	230	1	1.1	0.9;
	45	2	117.1	38.5	0	0	1	1	0	230	1	1.1	0.9;
	46	2	117.4	38.6	0	0	1	1	0	230	1	1.1	0.9;
	47	2	102.6	33.7	0	0	1	1	0	230	1	1.1	0.9;
	48	2	253.5	83.3	0	0	1	1	0	230	1	1.1	0.9;
	49	2	31.9	10.5	0	0	1	1	0	230	1	1.1	0.9;
	52	2	199.1	65.4	0	0	1	1	0	230	1	1.1	0.9;
	53	2	45.3	14.9	0	0	1	1	0	230	1	1.1	0.9;
	54	2	286.5	94.2	0	0	1	1	0	230	1	1.1	0.9;
	55	2	44.8	14.7	0	0	1	1	0	230	1	1.1	0.9;
	56	2	95.7	31.5	0	0	1	1	0	230	1	1.1	0.9;
	57	2	127.3	41.8	0	0	1	1	0	230	1	1.1	0.9;
	60	2	2048.3	673.3	0	0	1	1	0	230	1	1.1	0.9;
];																					
																					
%% generator data																					
%	bus	Pg	Qg	Qmax	Qmin	Vg	mBase	status	Pmax	Pmin	Pc1	Pc2	Qc1min	Qc1max	Qc2min	Qc2max	ramp_agc	ramp_10	ramp_30	ramp_q	apf
mpc.gen = [																					
	4	794	0	384.5	-384.5	1	100	1	1323	0	0	0	0	0	0	0	0	0	0	0	0;
	6	907	0	439.1	-439.1	1	100	1	1511	0	0	0	0	0	0	0	0	0	0	0	0;
	13	91	0	44.2	-44.2	1	100	1	152	0	0	0	0	0	0	0	0	0	0	0	0;
	17	102	0	49.4	-49.4	1	100	1	170	0	0	0	0	0	0	0	0	0	0	0	0;
	18	0	0	0.0	0.0	1	100	1	0	0	0	0	0	0	0	0	0	0	0	0	0;
	19	43	0	20.9	-20.9	1	100	1	72	0	0	0	0	0	0	0	0	0	0	0	0;
	20	238	0	115.4	-115.4	1	100	1	397	0	0	0	0	0	0	0	0	0	0	0	0;
	21	5	0	2.6	-2.6	1	100	1	9	0	0	0	0	0	0	0	0	0	0	0	0;
	22	180	0	87.2	-87.2	1	100	1	300	0	0	0	0	0	0	0	0	0	0	0	0;
	23	60	0	29.1	-29.1	1	100	1	100	0	0	0	0	0	0	0	0	0	0	0	0;
	24	0	0	0.0	0.0	1	100	1	0	0	0	0	0	0	0	0	0	0	0	0	0;
	25	1710	0	828.2	-828.2	1	100	1	2850	0	0	0	0	0	0	0	0	0	0	0	0;
	26	92	0	44.8	-44.8	1	100	1	154	0	0	0	0	0	0	0	0	0	0	0	0;
	27	89	0	43.3	-43.3	1	100	1	149	0	0	0	0	0	0	0	0	0	0	0	0;
	28	353	0	171.2	-171.2	1	100	1	589	0	0	0	0	0	0	0	0	0	0	0	0;
	29	38	0	18.3	-18.3	1	100	1	63	0	0	0	0	0	0	0	0	0	0	0	0;
	30	218	0	105.5	-105.5	1	100	1	363	0	0	0	0	0	0	0	0	0	0	0	0;
	31	6	0	2.9	-2.9	1	100	1	10	0	0	0	0	0	0	0	0	0	0	0	0;
	32	15	0	7.3	-7.3	1	100	1	25	0	0	0	0	0	0	0	0	0	0	0	0;
	33	496	0	240.3	-240.3	1	100	1	827	0	0	0	0	0	0	0	0	0	0	0	0;
	34	72	0	34.9	-34.9	1	100	1	120	0	0	0	0	0	0	0	0	0	0	0	0;
	35	288	0	139.5	-139.5	1	100	1	480	0	0	0	0	0	0	0	0	0	0	0	0;
	36	330	0	159.8	-159.8	1	100	1	550	0	0	0	0	0	0	0	0	0	0	0	0;
	37	29	0	14.2	-14.2	1	100	1	49	0	0	0	0	0	0	0	0	0	0	0	0;
	38	11	0	5.5	-5.5	1	100	1	19	0	0	0	0	0	0	0	0	0	0	0	0;
	39	49	0	23.8	-23.8	1	100	1	82	0	0	0	0	0	0	0	0	0	0	0	0;
	40	1527	0	739.6	-739.6	1	100	1	2545	0	0	0	0	0	0	0	0	0	0	0	0;
	42	433	0	209.5	-209.5	1	100	1	721	0	0	0	0	0	0	0	0	0	0	0	0;
	43	605	0	292.9	-292.9	1	100	1	1008	0	0	0	0	0	0	0	0	0	0	0	0;
	44	192	0	93.0	-93.0	1	100	1	320	0	0	0	0	0	0	0	0	0	0	0	0;
	45	166	0	80.2	-80.2	1	100	1	276	0	0	0	0	0	0	0	0	0	0	0	0;
	46	12	0	5.8	-5.8	1	100	1	20	0	0	0	0	0	0	0	0	0	0	0	0;
	47	29	0	14.2	-14.2	1	100	1	49	0	0	0	0	0	0	0	0	0	0	0	0;
	48	190	0	92.1	-92.1	1	100	1	317	0	0	0	0	0	0	0	0	0	0	0	0;
	49	568	0	275.2	-275.2	1	100	1	947	0	0	0	0	0	0	0	0	0	0	0	0;
	52	199	0	96.5	-96.5	1	100	1	332	0	0	0	0	0	0	0	0	0	0	0	0;
	53	623	0	301.6	-301.6	1	100	1	1038	0	0	0	0	0	0	0	0	0	0	0	0;
	54	130	0	62.8	-62.8	1	100	1	216	0	0	0	0	0	0	0	0	0	0	0	0;
	55	47	0	22.7	-22.7	1	100	1	78	0	0	0	0	0	0	0	0	0	0	0	0;
	56	0	0	0.0	0.0	1	100	1	0	0	0	0	0	0	0	0	0	0	0	0	0;
	57	0	0	0.0	0.0	1	100	1	0	0	0	0	0	0	0	0	0	0	0	0	0;
	60	220	0	106.4	-106.4	1	100	1	366	0	0	0	0	0	0	0	0	0	0	0	0;
];																					
																					
																					
%% branch data													
%	fbus	tbus	r	x	b	rateA	rateB	rateC	ratio	angle	status	angmin	angmax
